bom_api_key: 00000

darksky_api_key: 00000

google_client_id: 00000-00000.apps.googleusercontent.com
google_client_secret: 00000-00000

nest_client_id: 00000-00000-00000-00000-00000
nest_client_secret: 00000

tile_username: 00000
tile_password: 00000

travisci_api_key: 00000-00000-00000-00000-00000

# Zones
zone_home_lat: -42.885218
zone_home_long: 147.314993
